19612
34782
36377
39263
46195
72971
90498
91576
99771
315709
315849
351569
357173
707605
707886
708955
709337
711669
715579
717806
721994
723188
723646
729986
736772
737468
737875
743367
745981
750558
750577
750686
760498
763907
774569
792966
796534
798941
805676
806279
810958
818677
828944
834285
836147
846617
855874
868271
868671
879635
885275
887919
893847
894671
910679
916907
919864
932781
936528
944745
946647
946673
947559
1005409
1005817
1007273
1008579
1011659
1016178
1018399
1025835
1028918
1028954
1030469
1034594
1038773
1040799
1041368
1042729
1049782
1053584
1056943
1057706
1068851
1069157
1073475
1075706
1077428
1085913
1093672
1098146
1108236
1114927
1118237
1127371
1128361
1137547
1139812
1141688
1157647
1163389
1166928
1169770
1228454
1272754
1277902
1288855
1299709
1303942
1323648
1337068
1358356
1367859
1378946
1380846
1381668
1390777
1407067
1408534
1409775
1412665
1431567
1435508
1437479
1449794
1461755
1476651
1478454
1478726
1483195
1488813
1497275
1502749
1511198
1523854
1526952
1527383
1538263
1539638
1556727
1569994
1571398
1578505
1578776
1586454
1590799
1602658
1609065
1609951
1613665
1617291
1618798
1635484
1635626
1644482
1649749
1651987
1657642
1667840
1667939
1667944
1676479
1676667
