36029
36104
36270
36506
39311
83246
92230
102212
311094
350852
356171
357301
700565
702325
712537
712771
713671
714712
716605
718413
719220
726601
731653
732417
739421
740663
740806
741516
763901
765207
767405
770460
776901
790359
801337
802681
803016
811808
811830
811831
812348
821127
824410
828530
835324
842517
842518
846901
854560
858800
859070
861842
870385
880641
890066
898171
910073
913341
920112
920427
921183
923139
1000232
1001171
1006830
1010470
1013272
1023860
1033012
1035092
1036030
1038205
1041550
1046025
1046050
1046203
1050441
1050743
1051343
1053352
1060219
1070296
1070523
1070524
1083643
1090009
1091491
1094810
1098151
1108134
1109242
1115055
1130144
1132651
1141807
1174850
1176316
1212545
1227500
1265131
1275101
1281761
1290476
1297341
1331520
1341318
1343034
1354174
1382230
1390312
1391933
1401564
1430723
1436425
1447051
1448301
1461640
1466026
1470205
1487052
1490906
1500213
1500375
1501078
1501364
1501570
1504008
1505732
1511071
1514131
1522327
1530249
1541119
1543643
1550603
1553326
1553830
1572334
1585023
1600065
1600125
1600890
1601347
1601545
1605301
1606440
1635261
1635840
1641601
1642081
1652106
1667161
1668224
1668340
1675192
